1 10 159
1 20 187
1 30 96
1 40 154
1 50 199
1 60 88
1 70 214
1 80 205
1 90 172
1 100 187
2 10 277
2 20 316
2 30 322
2 40 368
2 50 352
2 60 338
2 70 217
2 80 269
2 90 392
2 100 204
3 10 489
3 20 370
3 30 329
3 40 395
3 50 321
3 60 308
3 70 438
3 80 316
3 90 478
3 100 510
4 10 434
4 20 535
4 30 497
4 40 478
4 50 569
4 60 629
4 70 480
4 80 514
4 90 582
4 100 514
5 10 584
5 20 854
5 30 508
5 40 578
5 50 761
5 60 707
5 70 643
5 80 822
5 90 715
5 100 651
6 10 842
6 20 535
6 30 876
6 40 681
6 50 650
6 60 796
6 70 428
6 80 664
6 90 667
6 100 751
7 10 805
7 20 1170
7 30 1034
7 40 962
7 50 930
7 60 784
7 70 898
7 80 971
7 90 984
7 100 699
8 10 947
8 20 1148
8 30 1136
8 40 949
8 50 858
8 60 954
8 70 1147
8 80 828
8 90 1084
8 100 1015
9 10 1082
9 20 1228
9 30 1255
9 40 952
9 50 1372
9 60 1235
9 70 1038
9 80 1249
9 90 1033
9 100 1412
10 10 1235
10 20 1269
10 30 1534
10 40 1120
10 50 1239
10 60 1377
10 70 896
10 80 1405
10 90 1043
10 100 1238
